400
3F8
3F0
3E8
3E0
3D8
3D1
3C9
3C1
3BA
3B3
3AB
3A4
39D
395
38E
387
380
379
372
36B
365
35E
357
350
34A
343
33D
336
330
32A
323
31D
317
311
30B
304
2FE
2F8
2F3
2ED
2E7
2E1
2DB
2D6
2D0
2CA
2C5
2BF
2BA
2B4
2AF
2AA
2A4
29F
29A
295
28F
28A
285
280
27B
276
271
26D
268
263
25E
259
255
250
24C
247
242
23E
239
235
231
22C
228
224
21F
21B
217
213
20F
20B
206
202
1FE
1FA
1F6
1F3
1EF
1EB
1E7
1E3
1DF
1DC
1D8
1D4
1D1
1CD
1C9
1C6
1C2
1BF
1BB
1B8
1B4
1B1
1AE
1AA
1A7
1A4
1A0
19D
19A
197
194
191
18D
18A
187
184
181
17E
17B
178
175
172
16F
16D
16A
167
164
161
15F
15C
159
156
154
151
14F
14C
149
147
144
142
13F
13D
13A
138
135
133
131
12E
12C
12A
127
125
123
120
11E
11C
11A
117
115
113
111
10F
10D
10B
109
106
104
102
100
0FE
0FC
0FA
0F8
0F7
0F5
0F3
0F1
0EF
0ED
0EB
0E9
0E8
0E6
0E4
0E2
0E0
0DF
0DD
0DB
0DA
0D8
0D6
0D4
0D3
0D1
0D0
0CE
0CC
0CB
0C9
0C8
0C6
0C4
0C3
0C1
0C0
0BE
0BD
0BB
0BA
0B9
0B7
0B6
0B4
0B3
0B1
0B0
0AF
0AD
0AC
0AB
0A9
0A8
0A7
0A5
0A4
0A3
0A2
0A0
09F
09E
09D
09B
09A
099
098
097
095
094
093
092
091
090
08E
08D
08C
08B
08A
089
088
087
086
085
084
083
082
081
080
07F
07E
07D
07C
07B
07A
079
078
077
076
075
074
073
072
071
071
070
06F
06E
06D
06C
06B
06B
06A
069
068
067
066
066
065
064
063
063
062
061
060
05F
05F
05E
05D
05D
05C
05B
05A
05A
059
058
058
057
056
056
055
054
054
053
052
052
051
050
050
04F
04E
04E
04D
04D
04C
04B
04B
04A
04A
049
049
048
047
047
046
046
045
045
044
044
043
043
042
041
041
040
040
03F
03F
03E
03E
03D
03D
03D
03C
03C
03B
03B
03A
03A
039
039
038
038
037
037
037
036
036
035
035
035
034
034
033
033
032
032
032
031
031
031
030
030
02F
02F
02F
02E
02E
02E
02D
02D
02C
02C
02C
02B
02B
02B
02A
02A
02A
029
029
029
028
028
028
028
027
027
027
026
026
026
025
025
025
025
024
024
024
023
023
023
023
022
022
022
021
021
021
021
020
020
020
020
01F
01F
01F
01F
01E
01E
01E
01E
01D
01D
01D
01D
01D
01C
01C
01C
01C
01B
01B
01B
01B
01B
01A
01A
01A
01A
01A
019
019
019
019
019
018
018
018
018
018
017
017
017
017
017
016
016
016
016
016
016
015
015
015
015
015
015
014
014
014
014
014
014
013
013
013
013
013
013
013
012
012
012
012
012
012
012
011
011
011
011
011
011
011
010
010
010
010
010
010
010
010
00F
00F
00F
00F
00F
00F
00F
00F
00E
00E
00E
00E
00E
00E
00E
00E
00E
00D
00D
00D
00D
00D
00D
00D
00D
00D
00C
00C
00C
00C
00C
00C
00C
00C
00C
00C
00C
00B
00B
00B
00B
00B
00B
00B
00B
00B
00B
00B
00A
00A
00A
00A
00A
00A
00A
00A
00A
00A
00A
00A
009
009
009
009
009
009
009
009
009
009
009
009
009
008
008
008
008
008
008
008
008
008
008
008
008
008
008
008
008
007
007
007
007
007
007
007
007
007
007
007
007
007
007
007
007
007
006
006
006
006
006
006
006
006
006
006
006
006
006
006
006
006
006
006
006
005
005
005
005
005
005
005
005
005
005
005
005
005
005
005
005
005
005
005
005
005
005
005
005
004
004
004
004
004
004
004
004
004
004
004
004
004
004
004
004
004
004
004
004
004
004
004
004
004
004
004
004
003
003
003
003
003
003
003
003
003
003
003
003
003
003
003
003
003
003
003
003
003
003
003
003
003
003
003
003
003
003
003
003
003
003
003
003
003
002
002
002
002
002
002
002
002
002
002
002
002
002
002
002
002
002
002
002
002
002
002
002
002
002
002
002
002
002
002
002
002
002
002
002
002
002
002
002
002
002
002
002
002
002
002
002
002
002
002
002
002
001
001
001
001
001
001
001
001
001
001
001
001
001
001
001
001
001
001
001
001
001
001
001
001
001
001
001
001
001
001
001
001
001
001
001
001
001
001
001
001
001
001
001
001
001
001
001
001
001
001
001
001
001
001
001
001
001
001
001
001
001
001
001
001
001
001
001
001
001
001
001
001
001
001
001
001
001
001
001
001
001
001
001
001
001
001
001
001
001
000
000
000
000
000
000
000
000
000
000
000
000
000
000
000
000
000
000
000
000
000
000
000
000
000
000
000
000
000
000
000
000
000
000
000
000
000
000
000
000
000
000
000
000
000
000
000
000
000
000
000
000
000
000
000
000
000
000
000
000
000
000
000
000
000
000
000
000
000
000
000
000
000
000
000
000
000
000
000
000
000
000
000
000
000
000
000
000
000
000
000
000
000
000
000
000
000
000
000
000
000
000
000
000
000
000
000
000
000
000
000
000
000
000
000
000
000
000
000
000
000
000
000
000
000
000
000
000
000
000
000
000
000
000
000
000

